8 14222
4 220331
16 1215151
4 103203
16 19011
16 233121
2 110100000
8 44
8 20673
4 1330233
4 232011
16 110121
16 5215
4 1301230
8 362
8 21260
16 151118
16 7511
4 2111320
4 1031132
8 12157
2 10101110101
16 12112
4 2001233
2 10000011111100
8 21242
16 4514
8 37
8 2431
4 310101
2 1000011110110
16 31051
16 12541
2 1011000100
4 102000
4 1011232
8 3243
2 1000000001111
4 202022
16 151313
8 607
16 121314
4 210010
2 10011011001001
4 113233
2 1111000001100
8 21172
4 101321
4 1111120
8 1301
16 1192
16 10541
4 1220221
8 2434
8 22121
16 21341
4 2103003
4 2010011
4 1031132
4 1122333
2 1110101010
4 1302302
16 31641
2 100000111100
16 12621
16 111601
16 19218
16 31311
2 1100001011000
2 1110110111111
8 16230
4 2032332
8 12513
4 110101
2 10010011110
4 3303
2 111111010110
16 20017
2 1000101110110
2 10110101001
2 1100011111100
4 123322
16 13411
8 14533
16 22011
16 25601
16 53111
4 310100
8 14203
8 14215
8 10514
16 4311
8 15017
4 1233233
2 110110110011
16 124
16 313
4 213331
8 15247
2 1000011110110
16 456
8 4231
4 32213
8 17122
16 2215
16 1529
16 871
16 15901
8 2174
16 14100
4 1013112
2 1101110111110
8 13734
16 10112
16 195
8 14570
8 11021
16 1911
8 6451
4 2121033
4 2203
4 31300
2 110011111111
2 10001011100110
16 1172
4 2022022
4 2121333
4 1221111
8 3176
16 5156
2 1010110100110
8 17755
4 333201
4 1221133
8 17404
2 1101010001110
2 1000101100001
8 16262
2 10001100110001
8 22562
4 120313
4 12211
2 1111111110011
2 1101000000011
4 110320
16 5100
2 10001101101101
4 301320
16 2437
2 110111000101
8 21025
4 110331
4 2020021
16 158
2 100000101000
4 130212
4 1211102
16 1545
2 101011010001
4 322123
2 101001000011
4 2030221
8 5334
4 1203232
8 22470
4 333122
8 1733
16 12174
8 3562
16 18941
16 2093
8 4372
16 23831
16 172131
8 11203
16 193141
16 72151
4 133110
4 2001311
4 220333
4 1302302
4 1002020
16 11141
2 1110010100
16 514141
2 10001111100101
16 9110
16 6
16 12221
2 111100101111
8 6237
8 3050
16 141451
4 130012
16 4126
16 1413151
4 2013130
2 1000011111010
8 13137
8 6454
4 1020232
16 1855
16 141014
4 212003
8 1541
4 1231021
4 1122313
4 313101
8 16510
2 1001001011001
4 1213312
2 1100100111101
8 10370
8 23316
16 17215
16 1784
16 2498
16 2211
8 14035
16 21516
8 2761
4 213002
8 10475
4 1111032
8 21556
4 1221202
2 1101011110000
4 2023023
8 21327
4 332202
8 630
4 1101212
8 7002
4 322310
4 1012212
4 1130113
4 1201210
4 1300013
8 5723
4 31302
4 2001201
4 210200
8 17511
16 8111
8 20612
2 110011011011
4 2130032
4 1011133
8 21132
8 4034
2 1011010110001
16 013131
8 13102
2 1010110011001
8 1263
8 10222
16 111121
8 1100
2 1101010101111
4 2123330
2 1101001100101
8 14604
16 141911
4 1131011
16 12451
8 16621
8 14775
8 21017
16 51741
2 100010111001
4 32011
2 1111010100111
8 17331
2 11110000101
8 7476
16 14851
8 21565
4 1300003
2 1000101010000
16 141301
8 15165
8 21710
8 753
4 1232311
2 10101001101
8 13245
16 22321
8 2502
4 1103321
4 201
8 7775
2 10011011011010
2 10111000011
16 2559
16 24341
4 2110002
2 1101110100111
4 130313
8 15111
4 1123023
